image: map24.pgm
resolution: 0.050000
origin: [-10.950000, -14.150000, 0]
negate: 0
occupied_thresh: 0.65
free_thresh: 0.196

