image: outdoor_with_stairs.pgm
resolution: 0.050000
origin: [-82.700003, -151.700003, 0.000000]
negate: 0
occupied_thresh: 0.65
free_thresh: 0.196