image: map12.pgm
resolution: 0.050000
origin: [-10.100000, -4.850000, 0.0]
negate: 0
occupied_thresh: 0.65
free_thresh: 0.196

